0.471835 0.471835 0.471835 0.471835 0.471835 0.471835 0.471835 0.471835 0.471835 0.471835 0.471835 0.471836 0.471837 0.471842 0.471863 0.471942 0.472225 0.473169 0.476111 0.484628 0.507360 0.562936 0.686823 0.939445 1.418290 2.280521 3.761044 6.000000
0.218485 0.218485 0.218485 0.218485 0.218485 0.218485 0.218485 0.218485 0.218485 0.218485 0.218485 0.218487 0.218492 0.218513 0.218592 0.218875 0.219818 0.222761 0.231276 0.253991 0.309398 0.431942 0.676222 1.116091 1.843254 2.974566 4.633613 0.000000
0.087940 0.087940 0.087940 0.087940 0.087940 0.087940 0.087940 0.087940 0.087940 0.087941 0.087942 0.087947 0.087968 0.088047 0.088330 0.089274 0.092216 0.100731 0.123443 0.178811 0.300994 0.542656 0.968160 1.637306 2.596652 3.867118 0.000000 0.000000
0.030980 0.030980 0.030980 0.030980 0.030980 0.030980 0.030980 0.030981 0.030981 0.030982 0.030987 0.031008 0.031088 0.031370 0.032314 0.035256 0.043771 0.066482 0.121842 0.243933 0.484841 0.905565 1.552139 2.433881 3.507136 0.000000 0.000000 0.000000
0.009619 0.009619 0.009619 0.009619 0.009619 0.009619 0.009619 0.009619 0.009620 0.009625 0.009646 0.009726 0.010008 0.010952 0.013894 0.022409 0.045120 0.100478 0.222548 0.463263 0.882589 1.521538 2.372591 3.355409 0.000000 0.000000 0.000000 0.000000
0.002654 0.002654 0.002654 0.002654 0.002654 0.002654 0.002654 0.002655 0.002660 0.002681 0.002761 0.003043 0.003987 0.006929 0.015444 0.038155 0.093512 0.215579 0.456248 0.875215 1.511934 2.352612 3.299588 0.000000 0.000000 0.000000 0.000000 0.000000
0.000656 0.000656 0.000656 0.000656 0.000656 0.000656 0.000658 0.000663 0.000684 0.000763 0.001046 0.001989 0.004932 0.013447 0.036158 0.091515 0.213580 0.454241 0.873125 1.509273 2.346928 3.281823 0.000000 0.000000 0.000000 0.000000 0.000000 0.000000
0.000146 0.000146 0.000146 0.000147 0.000147 0.000148 0.000153 0.000174 0.000254 0.000536 0.001480 0.004422 0.012937 0.035648 0.091005 0.213071 0.453729 0.872597 1.508614 2.345498 3.276889 0.000000 0.000000 0.000000 0.000000 0.000000 0.000000 0.000000
0.000030 0.000030 0.000030 0.000030 0.000031 0.000037 0.000058 0.000137 0.000419 0.001363 0.004306 0.012821 0.035532 0.090889 0.212954 0.453612 0.872476 1.508467 2.345176 3.275677 0.000000 0.000000 0.000000 0.000000 0.000000 0.000000 0.000000 0.000000
0.000006 0.000006 0.000006 0.000007 0.000012 0.000033 0.000113 0.000395 0.001339 0.004281 0.012796 0.035507 0.090864 0.212930 0.453588 0.872452 1.508437 2.345111 3.275411 0.000000 0.000000 0.000000 0.000000 0.000000 0.000000 0.000000 0.000000 0.000000
0.000001 0.000001 0.000003 0.000008 0.000029 0.000108 0.000391 0.001334 0.004277 0.012792 0.035503 0.090860 0.212925 0.453583 0.872447 1.508432 2.345098 3.275358 0.000000 0.000000 0.000000 0.000000 0.000000 0.000000 0.000000 0.000000 0.000000 0.000000
0.000001 0.000002 0.000007 0.000028 0.000107 0.000390 0.001333 0.004276 0.012791 0.035502 0.090859 0.212924 0.453583 0.872446 1.508431 2.345096 3.275348 0.000000 0.000000 0.000000 0.000000 0.000000 0.000000 0.000000 0.000000 0.000000 0.000000 0.000000
0.000002 0.000007 0.000028 0.000107 0.000390 0.001333 0.004276 0.012791 0.035502 0.090859 0.212924 0.453583 0.872446 1.508431 2.345096 3.275347 0.000000 0.000000 0.000000 0.000000 0.000000 0.000000 0.000000 0.000000 0.000000 0.000000 0.000000 0.000000
0.000007 0.000028 0.000107 0.000390 0.001333 0.004276 0.012791 0.035502 0.090859 0.212924 0.453582 0.872446 1.508431 2.345096 3.275347 0.000000 0.000000 0.000000 0.000000 0.000000 0.000000 0.000000 0.000000 0.000000 0.000000 0.000000 0.000000 0.000000
0.000028 0.000107 0.000390 0.001333 0.004276 0.012791 0.035502 0.090859 0.212924 0.453583 0.872446 1.508431 2.345096 3.275347 0.000000 0.000000 0.000000 0.000000 0.000000 0.000000 0.000000 0.000000 0.000000 0.000000 0.000000 0.000000 0.000000 0.000000
0.000107 0.000390 0.001333 0.004276 0.012791 0.035502 0.090859 0.212924 0.453582 0.872446 1.508430 2.345096 3.275347 0.000000 0.000000 0.000000 0.000000 0.000000 0.000000 0.000000 0.000000 0.000000 0.000000 0.000000 0.000000 0.000000 0.000000 0.000000
0.000390 0.001333 0.004276 0.012791 0.035502 0.090859 0.212924 0.453583 0.872446 1.508431 2.345096 3.275347 0.000000 0.000000 0.000000 0.000000 0.000000 0.000000 0.000000 0.000000 0.000000 0.000000 0.000000 0.000000 0.000000 0.000000 0.000000 0.000000
0.001333 0.004276 0.012791 0.035502 0.090859 0.212924 0.453582 0.872446 1.508431 2.345096 3.275347 0.000000 0.000000 0.000000 0.000000 0.000000 0.000000 0.000000 0.000000 0.000000 0.000000 0.000000 0.000000 0.000000 0.000000 0.000000 0.000000 0.000000
0.004276 0.012791 0.035502 0.090859 0.212924 0.453582 0.872446 1.508431 2.345096 3.275347 0.000000 0.000000 0.000000 0.000000 0.000000 0.000000 0.000000 0.000000 0.000000 0.000000 0.000000 0.000000 0.000000 0.000000 0.000000 0.000000 0.000000 0.000000
0.012791 0.035502 0.090859 0.212924 0.453583 0.872446 1.508431 2.345096 3.275347 0.000000 0.000000 0.000000 0.000000 0.000000 0.000000 0.000000 0.000000 0.000000 0.000000 0.000000 0.000000 0.000000 0.000000 0.000000 0.000000 0.000000 0.000000 0.000000
0.035502 0.090859 0.212924 0.453583 0.872446 1.508431 2.345096 3.275347 0.000000 0.000000 0.000000 0.000000 0.000000 0.000000 0.000000 0.000000 0.000000 0.000000 0.000000 0.000000 0.000000 0.000000 0.000000 0.000000 0.000000 0.000000 0.000000 0.000000
0.090859 0.212924 0.453582 0.872446 1.508431 2.345096 3.275347 0.000000 0.000000 0.000000 0.000000 0.000000 0.000000 0.000000 0.000000 0.000000 0.000000 0.000000 0.000000 0.000000 0.000000 0.000000 0.000000 0.000000 0.000000 0.000000 0.000000 0.000000
0.212924 0.453582 0.872446 1.508431 2.345096 3.275347 0.000000 0.000000 0.000000 0.000000 0.000000 0.000000 0.000000 0.000000 0.000000 0.000000 0.000000 0.000000 0.000000 0.000000 0.000000 0.000000 0.000000 0.000000 0.000000 0.000000 0.000000 0.000000
0.453582 0.872446 1.508431 2.345096 3.275347 0.000000 0.000000 0.000000 0.000000 0.000000 0.000000 0.000000 0.000000 0.000000 0.000000 0.000000 0.000000 0.000000 0.000000 0.000000 0.000000 0.000000 0.000000 0.000000 0.000000 0.000000 0.000000 0.000000
0.872446 1.508431 2.345096 3.275347 0.000000 0.000000 0.000000 0.000000 0.000000 0.000000 0.000000 0.000000 0.000000 0.000000 0.000000 0.000000 0.000000 0.000000 0.000000 0.000000 0.000000 0.000000 0.000000 0.000000 0.000000 0.000000 0.000000 0.000000
1.508431 2.345096 3.275347 0.000000 0.000000 0.000000 0.000000 0.000000 0.000000 0.000000 0.000000 0.000000 0.000000 0.000000 0.000000 0.000000 0.000000 0.000000 0.000000 0.000000 0.000000 0.000000 0.000000 0.000000 0.000000 0.000000 0.000000 0.000000
2.345096 3.275347 0.000000 0.000000 0.000000 0.000000 0.000000 0.000000 0.000000 0.000000 0.000000 0.000000 0.000000 0.000000 0.000000 0.000000 0.000000 0.000000 0.000000 0.000000 0.000000 0.000000 0.000000 0.000000 0.000000 0.000000 0.000000 0.000000
3.275347 0.000000 0.000000 0.000000 0.000000 0.000000 0.000000 0.000000 0.000000 0.000000 0.000000 0.000000 0.000000 0.000000 0.000000 0.000000 0.000000 0.000000 0.000000 0.000000 0.000000 0.000000 0.000000 0.000000 0.000000 0.000000 0.000000 0.000000
